00001000000010 00000010100011 01111111111111
00010000000011 00000101000111 01111111111111
00011000000000 00000111101011 01111111111111
00011111110101 00001010001111 01111111111111
00100111100100 00001100110011 01111111111111
00101111001000 00001111010111 01111111111111
00110110100000 00010001111010 01111111111111
00111101101011 00010100011110 01111111111111
01000100100110 00010111000010 01111111111111
01001011001111 00011001100110 01111111111111
01010001100110 00011100001010 01111111111111
01010111101000 00011110101110 01111111111111
01011101010011 00100001010001 01111111111111
01100010101000 00100011110101 01111111111111
01100111100100 00100110011001 01111111111111
01101100000100 00101000111101 01111111111111
01110000001011 00101011100001 01111111111111
01110011110101 00101110000101 01111111111111
01110111000000 00110000101000 01111111111111
01111001101111 00110011001100 01111111111111
01111011111111 00110101110000 01111111111111
01111101101111 00111000010100 01111111111111
01111110111111 00111010111000 01111111111111
01111111110000 00111101011100 01111111111111
01111111111111 00111111111111 01111111111111
01111111110000 01000010100011 01111111111111
01111110111111 01000101000111 01111111111111
01111101101111 01000111101011 01111111111111
01111011111111 01001010001111 01111111111111
01111001101111 01001100110011 01111111111111
01110111000000 01001111010111 01111111111111
01110011110101 01010001111010 01111111111111
01110000001011 01010100011110 01111111111111
01101100000100 01010111000010 01111111111111
01100111100100 01011001100110 01111111111111
01100010101000 01011100001010 01111111111111
01011101010011 01011110101110 01111111111111
01010111101000 01100001010001 01111111111111
01010001100110 01100011110101 01111111111111
01001011001111 01100110011001 01111111111111
01000100100110 01101000111101 01111111111111
00111101101011 01101011100001 01111111111111
00110110100000 01101110000101 01111111111111
00101111001000 01110000101000 01111111111111
00100111100100 01110011001100 01111111111111
00011111110101 01110101110000 01111111111111
00011000000000 01111000010100 01111111111111
00010000000011 01111010111000 01111111111111
00001000000010 01111101011100 01111111111111
00000000000001 01111111111111 01111111111111
11110111111110 10000010100011 10000000000001
11101111111101 10000101000111 10000000000001
11101000000000 10000111101011 10000000000001
11100000001011 10001010001111 10000000000001
11011000011100 10001100110011 10000000000001
11010000111000 10001111010111 10000000000001
11001001100000 10010001111010 10000000000001
11000010010101 10010100011110 10000000000001
10111011011010 10010111000010 10000000000001
10110100110001 10011001100110 10000000000001
10101110011010 10011100001010 10000000000001
10101000011000 10011110101110 10000000000001
10100010101101 10100001010001 10000000000001
10011101011000 10100011110101 10000000000001
10011000011100 10100110011001 10000000000001
10010011111100 10101000111101 10000000000001
10001111110101 10101011100001 10000000000001
10001100001011 10101110000101 10000000000001
10001001000000 10110000101000 10000000000001
10000110010001 10110011001100 10000000000001
10000100000001 10110101110000 10000000000001
10000010010001 10111000010100 10000000000001
10000001000001 10111010111000 10000000000001
10000000010000 10111101011100 10000000000001
10000000000001 10111111111111 10000000000001
10000000010000 11000010100011 10000000000001
10000001000001 11000101000111 10000000000001
10000010010001 11000111101011 10000000000001
10000100000001 11001010001111 10000000000001
10000110010001 11001100110011 10000000000001
10001001000000 11001111010111 10000000000001
10001100001011 11010001111010 10000000000001
10001111110101 11010100011110 10000000000001
10010011111100 11010111000010 10000000000001
10011000011100 11011001100110 10000000000001
10011101011000 11011100001010 10000000000001
10100010101101 11011110101110 10000000000001
10101000011000 11100001010001 10000000000001
10101110011010 11100011110101 10000000000001
10110100110001 11100110011001 10000000000001
10111011011010 11101000111101 10000000000001
11000010010101 11101011100001 10000000000001
11001001100000 11101110000101 10000000000001
11010000111000 11110000101000 10000000000001
11011000011100 11110011001100 10000000000001
11100000001011 11110101110000 10000000000001
11101000000000 11111000010100 10000000000001
11101111111101 11111010111000 10000000000001
11110111111110 11111101011100 10000000000001
11111111111111 11111111111111 10000000000001
00001000000010 00000010100011 01111111111111
00010000000011 00000101000111 01111111111111
00011000000000 00000111101011 01111111111111
00011111110101 00001010001111 01111111111111
00100111100100 00001100110011 01111111111111
00101111001000 00001111010111 01111111111111
00110110100000 00010001111010 01111111111111
00111101101011 00010100011110 01111111111111
01000100100110 00010111000010 01111111111111
01001011001111 00011001100110 01111111111111
01010001100110 00011100001010 01111111111111
01010111101000 00011110101110 01111111111111
01011101010011 00100001010001 01111111111111
01100010101000 00100011110101 01111111111111
01100111100100 00100110011001 01111111111111
01101100000100 00101000111101 01111111111111
01110000001011 00101011100001 01111111111111
01110011110101 00101110000101 01111111111111
01110111000000 00110000101000 01111111111111
01111001101111 00110011001100 01111111111111
01111011111111 00110101110000 01111111111111
01111101101111 00111000010100 01111111111111
01111110111111 00111010111000 01111111111111
01111111110000 00111101011100 01111111111111
01111111111111 00111111111111 01111111111111
01111111110000 01000010100011 01111111111111
01111110111111 01000101000111 01111111111111
01111101101111 01000111101011 01111111111111
01111011111111 01001010001111 01111111111111
01111001101111 01001100110011 01111111111111
01110111000000 01001111010111 01111111111111
01110011110101 01010001111010 01111111111111
01110000001011 01010100011110 01111111111111
01101100000100 01010111000010 01111111111111
01100111100100 01011001100110 01111111111111
01100010101000 01011100001010 01111111111111
01011101010011 01011110101110 01111111111111
01010111101000 01100001010001 01111111111111
01010001100110 01100011110101 01111111111111
01001011001111 01100110011001 01111111111111
01000100100110 01101000111101 01111111111111
00111101101011 01101011100001 01111111111111
00110110100000 01101110000101 01111111111111
00101111001000 01110000101000 01111111111111
00100111100100 01110011001100 01111111111111
00011111110101 01110101110000 01111111111111
00011000000000 01111000010100 01111111111111
00010000000011 01111010111000 01111111111111
00001000000010 01111101011100 01111111111111
00000000000001 01111111111111 01111111111111
11110111111110 10000010100011 10000000000001
11101111111101 10000101000111 10000000000001
11101000000000 10000111101011 10000000000001
11100000001011 10001010001111 10000000000001
11011000011100 10001100110011 10000000000001
11010000111000 10001111010111 10000000000001
11001001100000 10010001111010 10000000000001
11000010010101 10010100011110 10000000000001
10111011011010 10010111000010 10000000000001
10110100110001 10011001100110 10000000000001
10101110011010 10011100001010 10000000000001
10101000011000 10011110101110 10000000000001
10100010101101 10100001010001 10000000000001
10011101011000 10100011110101 10000000000001
10011000011100 10100110011001 10000000000001
10010011111100 10101000111101 10000000000001
10001111110101 10101011100001 10000000000001
10001100001011 10101110000101 10000000000001
10001001000000 10110000101000 10000000000001
10000110010001 10110011001100 10000000000001
10000100000001 10110101110000 10000000000001
10000010010001 10111000010100 10000000000001
10000001000001 10111010111000 10000000000001
10000000010000 10111101011100 10000000000001
10000000000001 10111111111111 10000000000001
10000000010000 11000010100011 10000000000001
10000001000001 11000101000111 10000000000001
10000010010001 11000111101011 10000000000001
10000100000001 11001010001111 10000000000001
10000110010001 11001100110011 10000000000001
10001001000000 11001111010111 10000000000001
10001100001011 11010001111010 10000000000001
10001111110101 11010100011110 10000000000001
10010011111100 11010111000010 10000000000001
10011000011100 11011001100110 10000000000001
10011101011000 11011100001010 10000000000001
10100010101101 11011110101110 10000000000001
10101000011000 11100001010001 10000000000001
10101110011010 11100011110101 10000000000001
10110100110001 11100110011001 10000000000001
10111011011010 11101000111101 10000000000001
11000010010101 11101011100001 10000000000001
11001001100000 11101110000101 10000000000001
11010000111000 11110000101000 10000000000001
11011000011100 11110011001100 10000000000001
11100000001011 11110101110000 10000000000001
11101000000000 11111000010100 10000000000001
11101111111101 11111010111000 10000000000001
11110111111110 11111101011100 10000000000001
11111111111111 11111111111111 10000000000001
00001000000010 00000010100011 01111111111111
00010000000011 00000101000111 01111111111111
00011000000000 00000111101011 01111111111111
00011111110101 00001010001111 01111111111111
00100111100100 00001100110011 01111111111111
00101111001000 00001111010111 01111111111111
00110110100000 00010001111010 01111111111111
00111101101011 00010100011110 01111111111111
01000100100110 00010111000010 01111111111111
01001011001111 00011001100110 01111111111111
01010001100110 00011100001010 01111111111111
01010111101000 00011110101110 01111111111111
01011101010011 00100001010001 01111111111111
01100010101000 00100011110101 01111111111111
01100111100100 00100110011001 01111111111111
01101100000100 00101000111101 01111111111111
01110000001011 00101011100001 01111111111111
01110011110101 00101110000101 01111111111111
01110111000000 00110000101000 01111111111111
01111001101111 00110011001100 01111111111111
01111011111111 00110101110000 01111111111111
01111101101111 00111000010100 01111111111111
01111110111111 00111010111000 01111111111111
01111111110000 00111101011100 01111111111111
01111111111111 00111111111111 01111111111111
01111111110000 01000010100011 01111111111111
01111110111111 01000101000111 01111111111111
01111101101111 01000111101011 01111111111111
01111011111111 01001010001111 01111111111111
01111001101111 01001100110011 01111111111111
01110111000000 01001111010111 01111111111111
01110011110101 01010001111010 01111111111111
01110000001011 01010100011110 01111111111111
01101100000100 01010111000010 01111111111111
01100111100100 01011001100110 01111111111111
01100010101000 01011100001010 01111111111111
01011101010011 01011110101110 01111111111111
01010111101000 01100001010001 01111111111111
01010001100110 01100011110101 01111111111111
01001011001111 01100110011001 01111111111111
01000100100110 01101000111101 01111111111111
00111101101011 01101011100001 01111111111111
00110110100000 01101110000101 01111111111111
00101111001000 01110000101000 01111111111111
00100111100100 01110011001100 01111111111111
00011111110101 01110101110000 01111111111111
00011000000000 01111000010100 01111111111111
00010000000011 01111010111000 01111111111111
00001000000010 01111101011100 01111111111111
00000000000001 01111111111111 01111111111111
11110111111110 10000010100011 10000000000001
11101111111101 10000101000111 10000000000001
11101000000000 10000111101011 10000000000001
11100000001011 10001010001111 10000000000001
11011000011100 10001100110011 10000000000001
11010000111000 10001111010111 10000000000001
11001001100000 10010001111010 10000000000001
11000010010101 10010100011110 10000000000001
10111011011010 10010111000010 10000000000001
10110100110001 10011001100110 10000000000001
10101110011010 10011100001010 10000000000001
10101000011000 10011110101110 10000000000001
10100010101101 10100001010001 10000000000001
10011101011000 10100011110101 10000000000001
10011000011100 10100110011001 10000000000001
10010011111100 10101000111101 10000000000001
10001111110101 10101011100001 10000000000001
10001100001011 10101110000101 10000000000001
10001001000000 10110000101000 10000000000001
10000110010001 10110011001100 10000000000001
10000100000001 10110101110000 10000000000001
10000010010001 10111000010100 10000000000001
10000001000001 10111010111000 10000000000001
10000000010000 10111101011100 10000000000001
10000000000001 10111111111111 10000000000001
10000000010000 11000010100011 10000000000001
10000001000001 11000101000111 10000000000001
10000010010001 11000111101011 10000000000001
10000100000001 11001010001111 10000000000001
10000110010001 11001100110011 10000000000001
10001001000000 11001111010111 10000000000001
10001100001011 11010001111010 10000000000001
10001111110101 11010100011110 10000000000001
10010011111100 11010111000010 10000000000001
10011000011100 11011001100110 10000000000001
10011101011000 11011100001010 10000000000001
10100010101101 11011110101110 10000000000001
10101000011000 11100001010001 10000000000001
10101110011010 11100011110101 10000000000001
10110100110001 11100110011001 10000000000001
10111011011010 11101000111101 10000000000001
11000010010101 11101011100001 10000000000001
11001001100000 11101110000101 10000000000001
11010000111000 11110000101000 10000000000001
11011000011100 11110011001100 10000000000001
11100000001011 11110101110000 10000000000001
11101000000000 11111000010100 10000000000001
11101111111101 11111010111000 10000000000001
11110111111110 11111101011100 10000000000001
11111111111111 11111111111111 10000000000001
00001000000010 00000010100011 01111111111111
00010000000011 00000101000111 01111111111111
00011000000000 00000111101011 01111111111111
00011111110101 00001010001111 01111111111111
00100111100100 00001100110011 01111111111111
00101111001000 00001111010111 01111111111111
00110110100000 00010001111010 01111111111111
00111101101011 00010100011110 01111111111111
01000100100110 00010111000010 01111111111111
01001011001111 00011001100110 01111111111111
01010001100110 00011100001010 01111111111111
01010111101000 00011110101110 01111111111111
01011101010011 00100001010001 01111111111111
01100010101000 00100011110101 01111111111111
01100111100100 00100110011001 01111111111111
01101100000100 00101000111101 01111111111111
01110000001011 00101011100001 01111111111111
01110011110101 00101110000101 01111111111111
01110111000000 00110000101000 01111111111111
01111001101111 00110011001100 01111111111111
01111011111111 00110101110000 01111111111111
01111101101111 00111000010100 01111111111111
01111110111111 00111010111000 01111111111111
01111111110000 00111101011100 01111111111111
01111111111111 00111111111111 01111111111111
01111111110000 01000010100011 01111111111111
01111110111111 01000101000111 01111111111111
01111101101111 01000111101011 01111111111111
01111011111111 01001010001111 01111111111111
01111001101111 01001100110011 01111111111111
01110111000000 01001111010111 01111111111111
01110011110101 01010001111010 01111111111111
01110000001011 01010100011110 01111111111111
01101100000100 01010111000010 01111111111111
01100111100100 01011001100110 01111111111111
01100010101000 01011100001010 01111111111111
01011101010011 01011110101110 01111111111111
01010111101000 01100001010001 01111111111111
01010001100110 01100011110101 01111111111111
01001011001111 01100110011001 01111111111111
01000100100110 01101000111101 01111111111111
00111101101011 01101011100001 01111111111111
00110110100000 01101110000101 01111111111111
00101111001000 01110000101000 01111111111111
00100111100100 01110011001100 01111111111111
00011111110101 01110101110000 01111111111111
00011000000000 01111000010100 01111111111111
00010000000011 01111010111000 01111111111111
00001000000010 01111101011100 01111111111111
00000000000001 01111111111111 01111111111111
11110111111110 10000010100011 10000000000001
11101111111101 10000101000111 10000000000001
11101000000000 10000111101011 10000000000001
11100000001011 10001010001111 10000000000001
11011000011100 10001100110011 10000000000001
11010000111000 10001111010111 10000000000001
11001001100000 10010001111010 10000000000001
11000010010101 10010100011110 10000000000001
10111011011010 10010111000010 10000000000001
10110100110001 10011001100110 10000000000001
10101110011010 10011100001010 10000000000001
10101000011000 10011110101110 10000000000001
10100010101101 10100001010001 10000000000001
10011101011000 10100011110101 10000000000001
10011000011100 10100110011001 10000000000001
10010011111100 10101000111101 10000000000001
10001111110101 10101011100001 10000000000001
10001100001011 10101110000101 10000000000001
10001001000000 10110000101000 10000000000001
10000110010001 10110011001100 10000000000001
10000100000001 10110101110000 10000000000001
10000010010001 10111000010100 10000000000001
10000001000001 10111010111000 10000000000001
10000000010000 10111101011100 10000000000001
10000000000001 10111111111111 10000000000001
10000000010000 11000010100011 10000000000001
10000001000001 11000101000111 10000000000001
10000010010001 11000111101011 10000000000001
10000100000001 11001010001111 10000000000001
10000110010001 11001100110011 10000000000001
10001001000000 11001111010111 10000000000001
10001100001011 11010001111010 10000000000001
10001111110101 11010100011110 10000000000001
10010011111100 11010111000010 10000000000001
10011000011100 11011001100110 10000000000001
10011101011000 11011100001010 10000000000001
10100010101101 11011110101110 10000000000001
10101000011000 11100001010001 10000000000001
10101110011010 11100011110101 10000000000001
10110100110001 11100110011001 10000000000001
10111011011010 11101000111101 10000000000001
11000010010101 11101011100001 10000000000001
11001001100000 11101110000101 10000000000001
11010000111000 11110000101000 10000000000001
11011000011100 11110011001100 10000000000001
11100000001011 11110101110000 10000000000001
11101000000000 11111000010100 10000000000001
11101111111101 11111010111000 10000000000001
11110111111110 11111101011100 10000000000001
11111111111111 11111111111111 10000000000001
00001000000010 00000010100011 01111111111111
00010000000011 00000101000111 01111111111111
00011000000000 00000111101011 01111111111111
00011111110101 00001010001111 01111111111111
00100111100100 00001100110011 01111111111111
00101111001000 00001111010111 01111111111111
00110110100000 00010001111010 01111111111111
00111101101011 00010100011110 01111111111111
01000100100110 00010111000010 01111111111111
01001011001111 00011001100110 01111111111111
01010001100110 00011100001010 01111111111111
01010111101000 00011110101110 01111111111111
01011101010011 00100001010001 01111111111111
01100010101000 00100011110101 01111111111111
01100111100100 00100110011001 01111111111111
01101100000100 00101000111101 01111111111111
01110000001011 00101011100001 01111111111111
01110011110101 00101110000101 01111111111111
01110111000000 00110000101000 01111111111111
01111001101111 00110011001100 01111111111111
01111011111111 00110101110000 01111111111111
01111101101111 00111000010100 01111111111111
01111110111111 00111010111000 01111111111111
01111111110000 00111101011100 01111111111111
01111111111111 00111111111111 01111111111111
01111111110000 01000010100011 01111111111111
01111110111111 01000101000111 01111111111111
01111101101111 01000111101011 01111111111111
01111011111111 01001010001111 01111111111111
01111001101111 01001100110011 01111111111111
01110111000000 01001111010111 01111111111111
01110011110101 01010001111010 01111111111111
01110000001011 01010100011110 01111111111111
01101100000100 01010111000010 01111111111111
01100111100100 01011001100110 01111111111111
01100010101000 01011100001010 01111111111111
01011101010011 01011110101110 01111111111111
01010111101000 01100001010001 01111111111111
01010001100110 01100011110101 01111111111111
01001011001111 01100110011001 01111111111111
01000100100110 01101000111101 01111111111111
00111101101011 01101011100001 01111111111111
00110110100000 01101110000101 01111111111111
00101111001000 01110000101000 01111111111111
00100111100100 01110011001100 01111111111111
00011111110101 01110101110000 01111111111111
00011000000000 01111000010100 01111111111111
00010000000011 01111010111000 01111111111111
00001000000010 01111101011100 01111111111111
00000000000001 01111111111111 01111111111111
11110111111110 10000010100011 10000000000001
11101111111101 10000101000111 10000000000001
11101000000000 10000111101011 10000000000001
11100000001011 10001010001111 10000000000001
11011000011100 10001100110011 10000000000001
11010000111000 10001111010111 10000000000001
11001001100000 10010001111010 10000000000001
11000010010101 10010100011110 10000000000001
10111011011010 10010111000010 10000000000001
10110100110001 10011001100110 10000000000001
10101110011010 10011100001010 10000000000001
10101000011000 10011110101110 10000000000001
10100010101101 10100001010001 10000000000001
10011101011000 10100011110101 10000000000001
10011000011100 10100110011001 10000000000001
10010011111100 10101000111101 10000000000001
10001111110101 10101011100001 10000000000001
10001100001011 10101110000101 10000000000001
10001001000000 10110000101000 10000000000001
10000110010001 10110011001100 10000000000001
10000100000001 10110101110000 10000000000001
10000010010001 10111000010100 10000000000001
10000001000001 10111010111000 10000000000001
10000000010000 10111101011100 10000000000001
10000000000001 10111111111111 10000000000001
10000000010000 11000010100011 10000000000001
10000001000001 11000101000111 10000000000001
10000010010001 11000111101011 10000000000001
10000100000001 11001010001111 10000000000001
10000110010001 11001100110011 10000000000001
10001001000000 11001111010111 10000000000001
10001100001011 11010001111010 10000000000001
10001111110101 11010100011110 10000000000001
10010011111100 11010111000010 10000000000001
10011000011100 11011001100110 10000000000001
10011101011000 11011100001010 10000000000001
10100010101101 11011110101110 10000000000001
10101000011000 11100001010001 10000000000001
10101110011010 11100011110101 10000000000001
10110100110001 11100110011001 10000000000001
10111011011010 11101000111101 10000000000001
11000010010101 11101011100001 10000000000001
11001001100000 11101110000101 10000000000001
11010000111000 11110000101000 10000000000001
11011000011100 11110011001100 10000000000001
11100000001011 11110101110000 10000000000001
11101000000000 11111000010100 10000000000001
11101111111101 11111010111000 10000000000001
11110111111110 11111101011100 10000000000001
11111111111111 11111111111111 10000000000001
00001000000010 00000010100011 01111111111111
