0000000000000000000000000000000000
0000000001001100000101010000101100
0000000000100101011000011101111010
1111111100100111101110000001000011
0000000011110110000100101101001011
1111111110111000000101010101100001
1111111100101010011111000100110001
0000001011011101110101011111110001
1111011000110000000101111101011111
0010101100110010011100001001100000
1110011000111101100001111000010111
1110011011001011001000001001000111
0010100101001010101011010110111010
1111111100100111101110000001000011
1101011111010000110001110100001100
0001100100111001000010011101000110
0001100011101100111101001100011010
1101011110101011011001010110010001
0000000000000000000000000000000000
0010100001010100100110101001101110
1110011100010011000010110011100101
1110011100010011000010110011100101
0010100001010100100110101001101110
1111111111111111111111111111111111
1101011110101011011001010110010001
0001100011101100111101001100011010
0001100011101100111101001100011010
1101011110101011011001010110010001
0000000000000000000000000000000000
0010100001010100100110101001101110
1110011100010011000010110011100101
1110011100010011000010110011100101
0010100001010100100110101001101110
1111111111111111111111111111111111
1101011110101011011001010110010001
0001100011101100111101001100011010
0001100011101100111101001100011010
1101011110101011011001010110010001
0000000000000000000000000000000000
0010100001010100100110101001101110
1110011100010011000010110011100101
1110011100010011000010110011100101
0010100001010100100110101001101110
1111111111111111111111111111111111
1101011110101011011001010110010001
0001100011101100111101001100011010
0001100011101100111101001100011010
1101011110101011011001010110010001
0000000000000000000000000000000000
0010100001010100100110101001101110
1110011100010011000010110011100101
1110011100010011000010110011100101
0010100001010100100110101001101110
1111111111111111111111111111111111
1101011110101011011001010110010001
0001100011101100111101001100011010
0001100011101100111101001100011010
1101011110101011011001010110010001
0000000000000000000000000000000000
0010100001010100100110101001101110
1110011100010011000010110011100101
1110011100010011000010110011100101
0010100001010100100110101001101110
1111111111111111111111111111111111
1101011110101011011001010110010001
0001100011101100111101001100011010
0001100011101100111101001100011010
1101011110101011011001010110010001
0000000000000000000000000000000000
0010100001010100100110101001101110
1110011100010011000010110011100101
1110011100010011000010110011100101
0010100001010100100110101001101110
1111111111111111111111111111111111
1101011110101011011001010110010001
0001100011101100111101001100011010
0001100011101100111101001100011010
1101011110101011011001010110010001
0000000000000000000000000000000000
0010100001010100100110101001101110
1110011100010011000010110011100101
1110011100010011000010110011100101
0010100001010100100110101001101110
1111111111111111111111111111111111
1101011110101011011001010110010001
0001100011101100111101001100011010
0001100011101100111101001100011010
1101011110101011011001010110010001
0000000000000000000000000000000000
0010100001010100100110101001101110
1110011100010011000010110011100101
1110011100010011000010110011100101
0010100001010100100110101001101110
1111111111111111111111111111111111
1101011110101011011001010110010001
0001100011101100111101001100011010
0001100011101100111101001100011010
1101011110101011011001010110010001
0000000000000000000000000000000000
0010100001010100100110101001101110
1110011100010011000010110011100101
