0100110100111001
0111101101000110
0111011011010001
0100000100010100
1110111111100010
1010010100110100
1000000011011111
1001001011111011
1101010001011100
0010100100001100
0110101111110111
0111111100101111
0101100110000110
0000101101010000
1011011110101000
1000010011101011
1000101011110101
1100011110100000
0001111100000101
0110100000000101
0111111110001011
0101100110110011
0000100000101000
1011001001011001
1000001010010000
1001000011111010
1101011100010010
0011001000001111
0111001111011111
0111101010000000
0100000111011100
1110011011000111
1001100010011101
1000000011010101
1010110010100101
0000010101001010
0101101101011001
0111111111111001
0101111010011110
0000100011110000
1010111000001101
1000000011000001
1001101100000110
1110111010101010
0100110001110000
0111111010000101
0110011101111001
0001010000001000
1011010010010111
1000000101110101
1001100101110010
1110111011100010
0100111011100000
0111111101001000
0110001000100011
0000100010100101
1010100110010100
1000000000000101
1010011001110001
0000010101010110
0110000100010111
0111111100110010
0100101111011000
1110011101110011
1001001011000000
1000010100100001
1100100000010111
0011000000011100
0111100001101110
0111000010001000
0001110100011100
1011010111011001
1000000010101111
1010001000111111
0000010000101111
0110001101101111
0111110111111001
0100000011001101
1101011000100100
1000100010110111
1000111110000100
1110011001001011
0100111110011100
0111111111110111
0101010000011110
1110101100111000
1001000101000101
1000100000101010
1101011100011110
0100010001100011
0111111100100011
0101101101000111
1111001100010011
1001010001101000
1000011011000111
1101010100000001
0100010000010011
0111111101001100
0101100011110001
1110111000000010
1001000011010100
1000100111010101
1101111011110000
0100111000001011
0111111111111111
0100110100100000
1101110100101010
1000100010110101
1001001100110011
1111010010110110
0101111101101001
0111110101101011
0011011000101001
1100001011101010
1000000100110101
1010011011011000
0001010101111100
0111001010011010
0111000110000000
0001001010101100
1010010001001011
1000000111110010
1100100010001110
0011110110000100
0111111100011010
0101011000001011
1110010010000101
1000101000010100
1001001101010101
1111100011000000
0110010001101010
0111101010011111
0010100000011110
1011001100110110
1000000000010101
1011101011011110
0011000100111110
0111110100110101
0101110011101111
1110110000011101
1000110001111001
1001000101000010
1111011010000110
0110010000100000
0111101001000011
0010010101100001
1010111110101010
1000000001110010
1100000101100100
0011100110000100
0111111011111000
0101010001010110
1101111100100001
1000011011110101
1001101000000110
0000011110010001
0110111001101100
0111001100101010
0001000101101111
1010000000100111
1000010001000011
1101011010111110
0100111000010000
0111111110110001
0011111100110101
1100011000110011
1000000011100000
1010110101010110
0010001111010100
0111101000111101
0110001100100000
1111001100101100
1000111010110101
1000111111010010
1111010110000101
0110010010100001
0111100101111101
0010000101101011
1010101101100011
1000000100110110
1100100010101010
0100000110110000
0111111111011101
0100101110001100
1101001110011111
1000001101101100
1010001010011101
0001010100111110
0111010011100010
0110110000110000
0000001100001000
1001011100110011
1000100010110101
1110010001010100
0101100010000000
0111111000010011
0011001111010001
1011101110110010
1000000000001101
1011010110000010
0010110010110011
0111110001101011
0101111010010110
1110110110011111
1000110011011001
1001000100010000
1111011001011010
0110010000000001
0111101001100001
0010011000101101
1011000011011011
1000000001000100
1011111001010000
0011010100010111
0111110111111100
0101101001100001
1110100100110000
1000101110011111
1001000110101010
1111010111011101
0110001010011100
0111101101111111
0010101110111100
1011011100010010
1000000000000010
1011010010100001
0010100001101011
0111101001001001
0110011000001101
1111110011110010
1001011001111101
1000011101101010
1101101111010010
0100110111100011
0111111111111000
0100100101101010
1101011100011110
1000011000100111
1001011111101101
1111110110101000
0110010100100000
0111101101110000
0010111100100001
1011110101101110
1000000010101000
1010100010010110
0001010101001010
0111000100011111
0111010001110011
0001110100100010
1010111101011100
1000000000000111
1011001100110110
0010000100101000
0111010110011111
0111000010010111
0001011001100001
1010101101110110
1000000000100011
1011010001100101
0010000011001101
0111010010111001
0111001001111011
0001110001000110
1011000110001101
1000000000010000
1010101100110100
0001001101010100
0110110101100100
0111100101001011
0010111100011011
1100001111010011
1000001100000011
1001100110101011
1111011101101110
0101101011101011
0111111110100111
0100110011110011
1110010111111011
1001000011010111
1000011010111111
1100110111100000
0011011000110101
0111101001101101
0110110111100010
0001100101101011
1011010010100001
1000000011010101
1001111011111001
1111101100010101
0101101000011010
0111111111110100
0101010101011001
1111010110010001
1001110010000101
1000000100000010
1011001101011110
0001010001000000
0110100010011110
0111110111100111
0100011111110101
1110011101111001
1001010110110111
1000001001100010
1011100000100101
0001011101000000
0110100011000010
0111111001011000
0100110001100110
1110111110101001
1001110001010010
1000000001110011
1010101011010001
0000001110011000
0101101000100011
0111111111100111
0110000100110000
0000111100000110
1011010100110000
1000001011000001
1001000101110100
1101100100000111
0011010001001001
0111010010111100
0111101000111000
0100001010100011
1110101000111010
1001110011010000
1000000000001101
1010000101010001
1110111111101110
0100010111101010
0111101010010110
0111010110011010
0011100111110101
1110001111001101
1001101011011100
1000000000001100
1001111011100101
1110100011111000
0011110011110100
0111010111100010
0111101101010100
0100101110001100
1111101110100101
1010110111100010
1000001011110001
1000110001001001
1100010101100100
0001011001001000
0101110111010010
0111111101010001
0110110111100101
0011000100011100
1110000101001011
1001110111000000
1000000001000111
1001001110100101
1100111111100100
0001110111101100
0110000010000011
0111111101011001
0110111110100001
0011011110101011
1110110000001011
1010011111001001
1000001011001100
1000100110001011
1011100100010101
0000000010100111
0100011110110010
0111011001100111
0111110110011010
0101101101111000
0001101110101100
1101001100111011
1001100101101011
1000000001010100
1000111101100011
1100000101011001
0000011001011110
0100100100100111
0111010110001110
0111111010100010
0110001000110100
0010100100011000
1110010001010100
1010011111001101
1000010010101110
1000010001111100
1010011011000110
1110000110011010
0010010001111101
0101110100101011
0111110010010001
0111101010110010
0101100010000101
0001111101100110
1101111001101011
1010011001010110
1000010100111000
1000001100001111
1001111111110101
1101010001011100
0001001100101000
0100110100001100
0111010001000100
0111111111000110
0110110101000110
0100000101111011
0000011011010101
1100101011100011
1001101100110001
1000001000111101
1000010100111110
1010001100100011
1101010100010011
0001000000000110
0100011101001111
0110111101001000
0111111111001100
0111010111000100
0101001110011001
0010000010010000
1110011100101111
1011001100001000
1000111001010010
1000000000010000
1000101010111011
1010101111110001
1101110100001100
0001010010010000
0100100000000000
0110110111010101
0111111101000100
0111100101100001
0101110110001010
0011000100000100
1111101111110000
1100011111001101
1001110110110100
1000010011010111
1000000101001001
1001001101100010
1011011111010010
1110100000111111
0001110001110111
0100101110111111
0110111001110010
0111111100000101
0111101100000000
0110001101000000
0011101111001001
0000101100000101
1101100010101101
1010110010100000
1000110110100100
1000000001010100
1000011010001011
1001111100100110
1100011001000011
1111010111100011
0010011011011011
0101000111110011
0111000011100100
0111111101000101
0111101100101000
0110010101001111
0100000011111110
0001001110000110
1110001101101011
1011011101101111
1001010111000101
1000001011111100
1000000110011001
1001000110101010
1011000011011011
1101101011001111
0000100110111001
0011011100111010
0101110100101111
0111011010001000
0111111111111010
0111100001010101
0110000010111001
0011110001011001
0001000000010010
1110000110111111
1011011101110100
1001011010110110
1000001110111011
1000000011101100
1000111010010101
1010101011100100
1101001000100111
1111111101000000
0010110001101101
0101001111011011
0111000010001000
0111111011001011
0111110011011110
0110101100001000
0100101110010001
0010001010000001
1111010100010100
1100100100010000
1010010000000101
1000101010100110
1000000000101101
1000010111101110
1001101100101101
1011110100111000
1110011111000011
0001010101100011
0100000001010001
0110001100010100
0111100100111011
0111111111101111
0111011001001010
0101110110000001
0011100010111010
0000110010011011
1101111011011000
1011010101001110
1001010101011100
1000001100110011
1000000100111001
1000111111000000
1010110011110110
1101010100011001
0000001011101000
0011000001101101
0101011110100001
0111001101000000
0111111110001111
0111101011010110
0110010110011011
0100001010100011
0001011010001100
1110011101010100
1011101101011000
1001100010110111
1000010000111101
1000000011011111
1000111100110110
1010110101100000
1101011101000001
0000011100000111
0011010111100101
0101110100110100
0111011100110000
0111111111111110
0111011000101101
0101101100000001
0011001001010100
0000001000001101
1101000101010100
1010011101110111
1000101011011110
1000000000001000
1000100011001110
1010010000000101
1100110110100110
1111111101001101
0011000100111110
0101101110001001
0111011101010000
0111111111101101
0111001111000010
0101010010010100
0010011101001101
1111001101010010
1100000101000011
1001100110011111
1000001101001011
1000001001010010
1001011100100001
1011111001011010
1111000101010010
0010011100010001
0101011000001111
0111010110101100
0111111111110101
0111001010111110
0101000000101111
0001111001111000
1110011011000111
1011001110101110
1000111100000100
1000000000100001
1000101000110100
1010101110011011
1101110111111000
0001011101100101
0100110001010010
0111000111011001
0111111111111100
0111001101110110
0100111010001100
0001100011000100
1101110101101100
1010100101001110
1000011111101110
1000000011110001
1001011001000100
1100001110000000
1111111010110000
0011101001110000
0110100011101101
0111111100010010
0111011101001001
0101001100000000
0001101010010010
1101101101101011
1010010011110010
1000010011010011
1000001101100110
1010000101111011
1101011111010000
0001100011000100
0101001110010100
0111100010101011
0111110111100101
0110000101100101
0010101001100101
1110011110010010
1010101100101111
1000011000101001
1000001101000010
1010001111001100
1101111011110000
0010001111101100
0101111010110100
0111110111000110
0111011101111001
0100110100101010
0000101100110111
1100010110000101
1001000110100100
1000000000010110
1001011011011101
1100111101000111
0001011110100010
0101100010011011
0111110011001100
0111011111000111
0100101010101100
0000010000101111
1011101111110010
1000101011010001
1000001000101110
1010010110011010
1110100100101010
0011010100101000
0110111001001111
0111111110010100
0110001000010111
0010000000100011
1101000111100110
1001010010111110
1000000000101010
1001110010011101
1101111110110011
0010111110101101
0110110100101001
0111111101110010
0101111010011010
