0000100000001000 0000001010001111 0111111111111111
0001000000001100 0000010100011110 0111111111111111
0001011111111111 0000011110101110 0111111111111111
0001111111010100 0000101000111101 0111111111111111
0010011110001110 0000110011001100 0111111111111111
0010111100100001 0000111101011100 0111111111111111
0011011001111110 0001000111101011 0111111111111111
0011110110101010 0001010001111010 0111111111111111
0100010010011000 0001011100001010 0111111111111111
0100101100111011 0001100110011001 0111111111111111
0101000110010111 0001110000101000 0111111111111111
0101011110100001 0001111010111000 0111111111111111
0101110101001101 0010000101000111 0111111111111111
0110001010100000 0010001111010111 0111111111111111
0110011110001111 0010011001100110 0111111111111111
0110110000010010 0010100011110101 0111111111111111
0111000000101011 0010101110000101 0111111111111111
0111001111010010 0010111000010100 0111111111111111
0111011100000010 0011000010100011 0111111111111111
0111100110111100 0011001100110011 0111111111111111
0111101111111011 0011010111000010 0111111111111111
0111110110111011 0011100001010001 0111111111111111
0111111011111110 0011101011100001 0111111111111111
0111111110111111 0011110101110000 0111111111111111
0111111111111111 0011111111111111 0111111111111111
0111111110111111 0100001010001111 0111111111111111
0111111011111110 0100010100011110 0111111111111111
0111110110111011 0100011110101110 0111111111111111
0111101111111011 0100101000111101 0111111111111111
0111100110111100 0100110011001100 0111111111111111
0111011100000010 0100111101011100 0111111111111111
0111001111010010 0101000111101011 0111111111111111
0111000000101011 0101010001111010 0111111111111111
0110110000010010 0101011100001010 0111111111111111
0110011110001111 0101100110011001 0111111111111111
0110001010100000 0101110000101000 0111111111111111
0101110101001101 0101111010111000 0111111111111111
0101011110100001 0110000101000111 0111111111111111
0101000110010111 0110001111010111 0111111111111111
0100101100111011 0110011001100110 0111111111111111
0100010010011000 0110100011110101 0111111111111111
0011110110101010 0110101110000101 0111111111111111
0011011001111110 0110111000010100 0111111111111111
0010111100100001 0111000010100011 0111111111111111
0010011110001110 0111001100110011 0111111111111111
0001111111010100 0111010111000010 0111111111111111
0001011111111111 0111100001010001 0111111111111111
0001000000001100 0111101011100001 0111111111111111
0000100000001000 0111110101110000 0111111111111111
0000000000000011 0111111111111111 0111111111111111
1111011111111000 1000001010001111 1000000000000001
1110111111110100 1000010100011110 1000000000000001
1110100000000001 1000011110101110 1000000000000001
1110000000101100 1000101000111101 1000000000000001
1101100001110010 1000110011001100 1000000000000001
1101000011011111 1000111101011100 1000000000000001
1100100110000010 1001000111101011 1000000000000001
1100001001010110 1001010001111010 1000000000000001
1011101101101000 1001011100001010 1000000000000001
1011010011000101 1001100110011001 1000000000000001
1010111001101001 1001110000101000 1000000000000001
1010100001011111 1001111010111000 1000000000000001
1010001010110011 1010000101000111 1000000000000001
1001110101100000 1010001111010111 1000000000000001
1001100001110001 1010011001100110 1000000000000001
1001001111101110 1010100011110101 1000000000000001
1000111111010101 1010101110000101 1000000000000001
1000110000101110 1010111000010100 1000000000000001
1000100011111110 1011000010100011 1000000000000001
1000011001000100 1011001100110011 1000000000000001
1000010000000101 1011010111000010 1000000000000001
1000001001000101 1011100001010001 1000000000000001
1000000100000010 1011101011100001 1000000000000001
1000000001000001 1011110101110000 1000000000000001
1000000000000001 1011111111111111 1000000000000001
1000000001000001 1100001010001111 1000000000000001
1000000100000010 1100010100011110 1000000000000001
1000001001000101 1100011110101110 1000000000000001
1000010000000101 1100101000111101 1000000000000001
1000011001000100 1100110011001100 1000000000000001
1000100011111110 1100111101011100 1000000000000001
1000110000101110 1101000111101011 1000000000000001
1000111111010101 1101010001111010 1000000000000001
1001001111101110 1101011100001010 1000000000000001
1001100001110001 1101100110011001 1000000000000001
1001110101100000 1101110000101000 1000000000000001
1010001010110011 1101111010111000 1000000000000001
1010100001011111 1110000101000111 1000000000000001
1010111001101001 1110001111010110 1000000000000001
1011010011000101 1110011001100110 1000000000000001
1011101101101000 1110100011110101 1000000000000001
1100001001010110 1110101110000101 1000000000000001
1100100110000010 1110111000010100 1000000000000001
1101000011011111 1111000010100011 1000000000000001
1101100001110010 1111001100110011 1000000000000001
1110000000101100 1111010111000010 1000000000000001
1110100000000001 1111100001010001 1000000000000001
1110111111110100 1111101011100001 1000000000000001
1111011111111000 1111110101110000 1000000000000001
1111111111111101 1111111111111111 1000000000000001
0000100000001000 0000001010001111 0111111111111111
0001000000001100 0000010100011110 0111111111111111
0001011111111111 0000011110101110 0111111111111111
0001111111010100 0000101000111101 0111111111111111
0010011110001110 0000110011001100 0111111111111111
0010111100100001 0000111101011100 0111111111111111
0011011001111110 0001000111101011 0111111111111111
0011110110101010 0001010001111010 0111111111111111
0100010010011000 0001011100001010 0111111111111111
0100101100111011 0001100110011001 0111111111111111
0101000110010111 0001110000101000 0111111111111111
0101011110100001 0001111010111000 0111111111111111
0101110101001101 0010000101000111 0111111111111111
0110001010100000 0010001111010110 0111111111111111
0110011110001111 0010011001100110 0111111111111111
0110110000010010 0010100011110101 0111111111111111
0111000000101011 0010101110000101 0111111111111111
0111001111010010 0010111000010100 0111111111111111
0111011100000010 0011000010100011 0111111111111111
0111100110111100 0011001100110011 0111111111111111
0111101111111011 0011010111000010 0111111111111111
0111110110111011 0011100001010001 0111111111111111
0111111011111110 0011101011100001 0111111111111111
0111111110111111 0011110101110000 0111111111111111
0111111111111111 0011111111111111 0111111111111111
0111111110111111 0100001010001111 0111111111111111
0111111011111110 0100010100011110 0111111111111111
0111110110111011 0100011110101110 0111111111111111
0111101111111011 0100101000111101 0111111111111111
0111100110111100 0100110011001100 0111111111111111
0111011100000010 0100111101011100 0111111111111111
0111001111010010 0101000111101011 0111111111111111
0111000000101011 0101010001111010 0111111111111111
0110110000010010 0101011100001010 0111111111111111
0110011110001111 0101100110011001 0111111111111111
0110001010100000 0101110000101000 0111111111111111
0101110101001101 0101111010111000 0111111111111111
0101011110100001 0110000101000111 0111111111111111
0101000110010111 0110001111010110 0111111111111111
0100101100111011 0110011001100110 0111111111111111
0100010010011000 0110100011110101 0111111111111111
0011110110101010 0110101110000101 0111111111111111
0011011001111110 0110111000010100 0111111111111111
0010111100100001 0111000010100011 0111111111111111
0010011110001110 0111001100110011 0111111111111111
0001111111010100 0111010111000010 0111111111111111
0001011111111111 0111100001010001 0111111111111111
0001000000001100 0111101011100001 0111111111111111
0000100000001000 0111110101110000 0111111111111111
0000000000000011 0111111111111111 0111111111111111
1111011111111000 1000001010001111 1000000000000001
1110111111110100 1000010100011110 1000000000000001
1110100000000111 1000011110101101 1000000000000001
1110000000101100 1000101000111101 1000000000000001
1101100001110010 1000110011001100 1000000000000001
1101000011011111 1000111101011100 1000000000000001
1100100110000010 1001000111101011 1000000000000001
1100001001010110 1001010001111010 1000000000000001
1011101101101000 1001011100001010 1000000000000001
1011010011000101 1001100110011001 1000000000000001
1010111001101001 1001110000101000 1000000000000001
1010100001011111 1001111010111000 1000000000000001
1010001010110011 1010000101000111 1000000000000001
1001110101100000 1010001111010110 1000000000000001
1001100001110001 1010011001100110 1000000000000001
1001001111101110 1010100011110101 1000000000000001
1000111111010101 1010101110000101 1000000000000001
1000110000101110 1010111000010100 1000000000000001
1000100011111110 1011000010100011 1000000000000001
1000011001000100 1011001100110011 1000000000000001
1000010000000101 1011010111000010 1000000000000001
1000001001000101 1011100001010001 1000000000000001
1000000100000010 1011101011100001 1000000000000001
1000000001000001 1011110101110000 1000000000000001
1000000000000001 1011111111111111 1000000000000001
1000000001000001 1100001010001111 1000000000000001
1000000100000010 1100010100011110 1000000000000001
1000001001000100 1100011110101101 1000000000000001
1000010000000101 1100101000111101 1000000000000001
1000011001000100 1100110011001100 1000000000000001
1000100011111110 1100111101011100 1000000000000001
1000110000101110 1101000111101011 1000000000000001
1000111111010101 1101010001111010 1000000000000001
1001001111101110 1101011100001010 1000000000000001
1001100001110001 1101100110011001 1000000000000001
1001110101100000 1101110000101000 1000000000000001
1010001010110011 1101111010111000 1000000000000001
1010100001011111 1110000101000111 1000000000000001
1010111001101001 1110001111010110 1000000000000001
1011010011000101 1110011001100110 1000000000000001
1011101101101000 1110100011110101 1000000000000001
1100001001010110 1110101110000101 1000000000000001
1100100110000010 1110111000010100 1000000000000001
1101000011011111 1111000010100011 1000000000000001
1101100001110010 1111001100110011 1000000000000001
1110000000101100 1111010111000010 1000000000000001
1110100000000001 1111100001010001 1000000000000001
1110111111110100 1111101011100001 1000000000000001
1111011111111000 1111110101110000 1000000000000001
1111111111111101 1111111111111111 1000000000000001
0000100000001000 0000001010001111 0111111111111111
0001000000001100 0000010100011110 0111111111111111
0001011111111001 0000011110101101 0111111111111111
0001111111010100 0000101000111101 0111111111111111
0010011110001110 0000110011001100 0111111111111111
0010111100100001 0000111101011100 0111111111111111
0011011001111110 0001000111101011 0111111111111111
0011110110101010 0001010001111010 0111111111111111
0100010010011000 0001011100001010 0111111111111111
0100101100111011 0001100110011001 0111111111111111
0101000110010111 0001110000101000 0111111111111111
0101011110100001 0001111010111000 0111111111111111
0101110101001101 0010000101000111 0111111111111111
0110001010100000 0010001111010110 0111111111111111
0110011110001111 0010011001100110 0111111111111111
0110110000010010 0010100011110101 0111111111111111
0111000000101011 0010101110000100 0111111111111111
0111001111010010 0010111000010100 0111111111111111
0111011100000010 0011000010100011 0111111111111111
0111100110111100 0011001100110011 0111111111111111
0111101111111011 0011010111000010 0111111111111111
0111110110111011 0011100001010001 0111111111111111
0111111011111110 0011101011100001 0111111111111111
0111111110111111 0011110101110000 0111111111111111
0111111111111111 0011111111111111 0111111111111111
0111111110111111 0100001010001111 0111111111111111
0111111011111110 0100010100011110 0111111111111111
0111110110111100 0100011110101101 0111111111111111
0111101111111011 0100101000111101 0111111111111111
0111100110111100 0100110011001100 0111111111111111
0111011100000010 0100111101011100 0111111111111111
0111001111010010 0101000111101011 0111111111111111
0111000000101011 0101010001111010 0111111111111111
0110110000010010 0101011100001010 0111111111111111
0110011110001111 0101100110011001 0111111111111111
0110001010100000 0101110000101000 0111111111111111
0101110101001101 0101111010111000 0111111111111111
0101011110100001 0110000101000111 0111111111111111
0101000110010111 0110001111010110 0111111111111111
0100101100111011 0110011001100110 0111111111111111
0100010010011000 0110100011110101 0111111111111111
0011110110101010 0110101110000100 0111111111111111
0011011001111110 0110111000010100 0111111111111111
0010111100100001 0111000010100011 0111111111111111
0010011110001110 0111001100110011 0111111111111111
0001111111010100 0111010111000010 0111111111111111
0001011111111111 0111100001010001 0111111111111111
0001000000001100 0111101011100001 0111111111111111
0000100000001000 0111110101110000 0111111111111111
0000000000000011 0111111111111111 0111111111111111
1111011111111000 1000001010001111 1000000000000001
1110111111110100 1000010100011110 1000000000000001
1110100000000111 1000011110101101 1000000000000001
1110000000101100 1000101000111101 1000000000000001
1101100001110010 1000110011001100 1000000000000001
1101000011011111 1000111101011100 1000000000000001
1100100110000010 1001000111101011 1000000000000001
1100001001010110 1001010001111010 1000000000000001
1011101101101000 1001011100001010 1000000000000001
1011010011000101 1001100110011001 1000000000000001
1010111001101001 1001110000101000 1000000000000001
1010100001011111 1001111010111000 1000000000000001
1010001010110011 1010000101000111 1000000000000001
1001110101100000 1010001111010110 1000000000000001
1001100001110001 1010011001100110 1000000000000001
1001001111101110 1010100011110101 1000000000000001
1000111111010101 1010101110000100 1000000000000001
1000110000101110 1010111000010100 1000000000000001
1000100011111110 1011000010100011 1000000000000001
1000011001000100 1011001100110011 1000000000000001
1000010000000101 1011010111000010 1000000000000001
1000001001000101 1011100001010001 1000000000000001
1000000100000010 1011101011100001 1000000000000001
1000000001000001 1011110101110000 1000000000000001
1000000000000001 1011111111111111 1000000000000001
1000000001000001 1100001010001111 1000000000000001
1000000100000010 1100010100011110 1000000000000001
1000001001000100 1100011110101101 1000000000000001
1000010000000101 1100101000111101 1000000000000001
1000011001000100 1100110011001100 1000000000000001
1000100011111100 1100111101011011 1000000000000001
1000110000101110 1101000111101011 1000000000000001
1000111111010101 1101010001111010 1000000000000001
1001001111101110 1101011100001010 1000000000000001
1001100001110001 1101100110011001 1000000000000001
1001110101100000 1101110000101000 1000000000000001
1010001010110011 1101111010111000 1000000000000001
1010100001011111 1110000101000111 1000000000000001
1010111001101001 1110001111010110 1000000000000001
1011010011000101 1110011001100110 1000000000000001
1011101101101000 1110100011110101 1000000000000001
1100001001010110 1110101110000100 1000000000000001
1100100110000010 1110111000010100 1000000000000001
1101000011011111 1111000010100011 1000000000000001
1101100001110010 1111001100110011 1000000000000001
1110000000101100 1111010111000010 1000000000000001
1110100000000001 1111100001010001 1000000000000001
1110111111110100 1111101011100001 1000000000000001
1111011111111000 1111110101110000 1000000000000001
1111111111111101 1111111111111111 1000000000000001
0000100000001000 0000001010001111 0111111111111111
0001000000001100 0000010100011110 0111111111111111
0001011111111001 0000011110101101 0111111111111111
0001111111010100 0000101000111101 0111111111111111
0010011110001110 0000110011001100 0111111111111111
0010111100011011 0000111101011011 0111111111111111
0011011001111110 0001000111101011 0111111111111111
0011110110101010 0001010001111010 0111111111111111
0100010010011000 0001011100001010 0111111111111111
0100101100111011 0001100110011001 0111111111111111
0101000110010111 0001110000101000 0111111111111111
0101011110100001 0001111010111000 0111111111111111
0101110101001101 0010000101000111 0111111111111111
0110001010100000 0010001111010110 0111111111111111
0110011110001111 0010011001100110 0111111111111111
0110110000010010 0010100011110101 0111111111111111
0111000000101011 0010101110000100 0111111111111111
0111001111010010 0010111000010100 0111111111111111
0111011100000010 0011000010100011 0111111111111111
0111100110111100 0011001100110011 0111111111111111
0111101111111011 0011010111000010 0111111111111111
0111110110111011 0011100001010001 0111111111111111
0111111011111110 0011101011100001 0111111111111111
0111111110111111 0011110101110000 0111111111111111
0111111111111111 0011111111111111 0111111111111111
0111111110111111 0100001010001111 0111111111111111
0111111011111110 0100010100011110 0111111111111111
0111110110111100 0100011110101101 0111111111111111
0111101111111011 0100101000111101 0111111111111111
0111100110111100 0100110011001100 0111111111111111
0111011100000100 0100111101011011 0111111111111111
0111001111010010 0101000111101011 0111111111111111
0111000000101011 0101010001111010 0111111111111111
0110110000010010 0101011100001010 0111111111111111
0110011110001111 0101100110011001 0111111111111111
0110001010100000 0101110000101000 0111111111111111
0101110101001101 0101111010111000 0111111111111111
0101011110100001 0110000101000111 0111111111111111
0101000110010111 0110001111010110 0111111111111111
0100101100111011 0110011001100110 0111111111111111
0100010010011000 0110100011110101 0111111111111111
0011110110101010 0110101110000100 0111111111111111
0011011001111110 0110111000010100 0111111111111111
0010111100100001 0111000010100011 0111111111111111
0010011110001110 0111001100110010 0111111111111111
0001111111010100 0111010111000010 0111111111111111
0001011111111111 0111100001010001 0111111111111111
0001000000001100 0111101011100001 0111111111111111
0000100000001000 0111110101110000 0111111111111111
0000000000000011 0111111111111111 0111111111111111
1111011111111000 1000001010001111 1000000000000001
1110111111110100 1000010100011110 1000000000000001
1110100000000111 1000011110101101 1000000000000001
1110000000101100 1000101000111101 1000000000000001
1101100001110010 1000110011001100 1000000000000001
1101000011100101 1000111101011011 1000000000000001
1100100110000010 1001000111101011 1000000000000001
1100001001010110 1001010001111010 1000000000000001
1011101101101000 1001011100001010 1000000000000001
1011010011000101 1001100110011001 1000000000000001
1010111001101001 1001110000101000 1000000000000001
1010100001011111 1001111010111000 1000000000000001
1010001010110011 1010000101000111 1000000000000001
1001110101100000 1010001111010110 1000000000000001
1001100001110001 1010011001100110 1000000000000001
1001001111101110 1010100011110101 1000000000000001
1000111111010101 1010101110000100 1000000000000001
1000110000101110 1010111000010100 1000000000000001
1000100011111110 1011000010100011 1000000000000001
1000011001000100 1011001100110010 1000000000000001
1000010000000101 1011010111000010 1000000000000001
1000001001000101 1011100001010001 1000000000000001
1000000100000010 1011101011100001 1000000000000001
1000000001000001 1011110101110000 1000000000000001
1000000000000001 1011111111111111 1000000000000001
1000000001000001 1100001010001111 1000000000000001
1000000100000010 1100010100011110 1000000000000001
1000001001000100 1100011110101101 1000000000000001
1000010000000101 1100101000111101 1000000000000001
1000011001000100 1100110011001100 1000000000000001
1000100011111100 1100111101011011 1000000000000001
1000110000101110 1101000111101011 1000000000000001
1000111111010101 1101010001111010 1000000000000001
1001001111101110 1101011100001010 1000000000000001
1001100001110001 1101100110011001 1000000000000001
1001110101100000 1101110000101000 1000000000000001
1010001010110011 1101111010111000 1000000000000001
1010100001011111 1110000101000111 1000000000000001
1010111001101001 1110001111010110 1000000000000001
1011010011000101 1110011001100110 1000000000000001
1011101101101000 1110100011110101 1000000000000001
1100001001010110 1110101110000100 1000000000000001
1100100110000010 1110111000010100 1000000000000001
1101000011011111 1111000010100011 1000000000000001
1101100001110010 1111001100110010 1000000000000001
1110000000101100 1111010111000010 1000000000000001
1110100000000001 1111100001010001 1000000000000001
1110111111110100 1111101011100001 1000000000000001
1111011111111000 1111110101110000 1000000000000001
1111111111111101 1111111111111111 1000000000000001
0000100000001000 0000001010001111 0111111111111111
0001000000001100 0000010100011110 0111111111111111
0001011111111001 0000011110101101 0111111111111111
0001111111010100 0000101000111101 0111111111111111
0010011110001110 0000110011001100 0111111111111111
0010111100011011 0000111101011011 0111111111111111
0011011001111110 0001000111101011 0111111111111111
0011110110101010 0001010001111010 0111111111111111
0100010010010011 0001011100001001 0111111111111111
0100101100111011 0001100110011001 0111111111111111
0101000110010111 0001110000101000 0111111111111111
0101011110100001 0001111010111000 0111111111111111
0101110101001101 0010000101000111 0111111111111111
0110001010100000 0010001111010110 0111111111111111
0110011110001111 0010011001100110 0111111111111111
0110110000010010 0010100011110101 0111111111111111
0111000000101011 0010101110000100 0111111111111111
0111001111010010 0010111000010100 0111111111111111
0111011100000010 0011000010100011 0111111111111111
0111100110111100 0011001100110010 0111111111111111
0111101111111011 0011010111000010 0111111111111111
0111110110111011 0011100001010001 0111111111111111
0111111011111110 0011101011100001 0111111111111111
0111111110111111 0011110101110000 0111111111111111
0111111111111111 0011111111111111 0111111111111111
0111111110111111 0100001010001111 0111111111111111
0111111011111110 0100010100011110 0111111111111111
0111110110111100 0100011110101101 0111111111111111
0111101111111011 0100101000111101 0111111111111111
0111100110111100 0100110011001100 0111111111111111
0111011100000100 0100111101011011 0111111111111111
0111001111010010 0101000111101011 0111111111111111
0111000000101011 0101010001111010 0111111111111111
0110110000010101 0101011100001001 0111111111111111
0110011110001111 0101100110011001 0111111111111111
0110001010100000 0101110000101000 0111111111111111
0101110101001101 0101111010111000 0111111111111111
0101011110100001 0110000101000111 0111111111111111
0101000110010111 0110001111010110 0111111111111111
0100101100111011 0110011001100110 0111111111111111
0100010010011000 0110100011110101 0111111111111111
0011110110101010 0110101110000100 0111111111111111
0011011001111110 0110111000010100 0111111111111111
0010111100100001 0111000010100011 0111111111111111
0010011110001110 0111001100110010 0111111111111111
0001111111010100 0111010111000010 0111111111111111
0001011111111111 0111100001010001 0111111111111111
0001000000001100 0111101011100001 0111111111111111
0000100000001000 0111110101110000 0111111111111111
0000000000000011 0111111111111111 0111111111111111
1111011111111000 1000001010001111 1000000000000001
1110111111110100 1000010100011110 1000000000000001
1110100000000111 1000011110101101 1000000000000001
1110000000101100 1000101000111101 1000000000000001
1101100001110010 1000110011001100 1000000000000001
1101000011100101 1000111101011011 1000000000000001
1100100110000010 1001000111101011 1000000000000001
1100001001010110 1001010001111010 1000000000000001
1011101101101101 1001011100001001 1000000000000001
1011010011000101 1001100110011001 1000000000000001
1010111001101001 1001110000101000 1000000000000001
1010100001011111 1001111010111000 1000000000000001
1010001010110011 1010000101000111 1000000000000001
1001110101100000 1010001111010110 1000000000000001
1001100001110001 1010011001100110 1000000000000001
1001001111101110 1010100011110101 1000000000000001
1000111111010101 1010101110000100 1000000000000001
1000110000101110 1010111000010100 1000000000000001
1000100011111110 1011000010100011 1000000000000001
1000011001000100 1011001100110010 1000000000000001
1000010000000101 1011010111000010 1000000000000001
1000001001000101 1011100001010001 1000000000000001
1000000100000010 1011101011100000 1000000000000001
1000000001000001 1011110101110000 1000000000000001
1000000000000001 1011111111111111 1000000000000001
1000000001000001 1100001010001111 1000000000000001
1000000100000010 1100010100011110 1000000000000001
1000001001000100 1100011110101101 1000000000000001
1000010000000101 1100101000111101 1000000000000001
1000011001000100 1100110011001100 1000000000000001
1000100011111100 1100111101011011 1000000000000001
1000110000101110 1101000111101011 1000000000000001
1000111111010101 1101010001111010 1000000000000001
1001001111101011 1101011100001001 1000000000000001
1001100001110001 1101100110011001 1000000000000001
1001110101100000 1101110000101000 1000000000000001
1010001010110011 1101111010111000 1000000000000001
1010100001011111 1110000101000111 1000000000000001
1010111001101001 1110001111010110 1000000000000001
1011010011000101 1110011001100110 1000000000000001
1011101101101000 1110100011110101 1000000000000001
1100001001010110 1110101110000100 1000000000000001
1100100110000010 1110111000010100 1000000000000001
1101000011011111 1111000010100011 1000000000000001
1101100001110010 1111001100110010 1000000000000001
1110000000101100 1111010111000010 1000000000000001
1110100000000001 1111100001010001 1000000000000001
1110111111110100 1111101011100000 1000000000000001
1111011111111000 1111110101110000 1000000000000001
1111111111111101 1111111111111111 1000000000000001
0000100000001000 0000001010001111 0111111111111111
