0000000000000000000
0000000001001100000
0000000000100101011
1111111100100111101
0000000011110110000
1111111110111000000
1111111100101010011
0000001011011101110
1111011000110000000
0010101100110010010
1110011000111101100
1110011011001011000
0010100101001010101
1111111100100111011
1101011111010000101
0001100100111000110
0001100011101100101
1101011110101011001
0000000000000000000
0010100001010100100
1110011100010011000
1110011100010011000
0010100001010100100
1111111111111111101
1101011110101011010
0001100011101100101
0001100011101100101
1101011110101011001
0000000000000000000
0010100001010100100
1110011100010011000
1110011100010011000
0010100001010100100
1111111111111111101
1101011110101011010
0001100011101100101
0001100011101100101
1101011110101011001
0000000000000000000
0010100001010100100
1110011100010011000
1110011100010011000
0010100001010100100
1111111111111111101
1101011110101011010
0001100011101100101
0001100011101100101
1101011110101011001
0000000000000000000
0010100001010100100
1110011100010011000
1110011100010011000
0010100001010100100
1111111111111111101
1101011110101011010
0001100011101100101
0001100011101100101
1101011110101011001
0000000000000000000
0010100001010100100
1110011100010011000
1110011100010011000
0010100001010100100
1111111111111111101
1101011110101011010
0001100011101100101
0001100011101100101
1101011110101011001
0000000000000000000
0010100001010100100
1110011100010011000
1110011100010011000
0010100001010100100
1111111111111111101
1101011110101011010
0001100011101100101
0001100011101100101
1101011110101011001
0000000000000000000
0010100001010100100
1110011100010011000
1110011100010011000
0010100001010100100
1111111111111111101
1101011110101011010
0001100011101100101
0001100011101100101
1101011110101011001
0000000000000000000
0010100001010100100
1110011100010011000
1110011100010011000
0010100001010100100
1111111111111111101
1101011110101011010
0001100011101100101
0001100011101100101
1101011110101011001
0000000000000000000
0010100001010100100
1110011100010011000
