0000000000000000
0111100110111011
0100101100111011
1011010011000100
1000011001000100
0000000000000000
0111100110111011
0100101100111011
1011010011000100
1000011001000100
0000000000000000
0111100110111011
0100101100111011
1011010011000100
1000011001000100
0000000000000000
0111100110111011
0100101100111011
1011010011000100
1000011001000100
0000000000000000
0111100110111011
0100101100111011
1011010011000100
1000011001000100
0000000000000000
0111100110111011
0100101100111011
1011010011000100
1000011001000100
0000000000000000
0111100110111011
0100101100111011
1011010011000100
1000011001000100
0000000000000000
0111100110111011
0100101100111011
1011010011000100
1000011001000100
0000000000000000
0111100110111011
0100101100111011
1011010011000100
1000011001000100
0000000000000000
0111100110111011
0100101100111011
1011010011000100
1000011001000100
0000000000000000
