0000000000000000000
0000111100110111011
1101101111000001010
0000100000001000100
0001100111111101110
0000100000001000101
1110101011111000011
1110101011111000110
0000100000001000100
0001100111111101110
0000100000001000101
1110101011111000011
1110101011111000110
0000100000001000100
0001100111111101110
0000100000001000101
1110101011111000011
1110101011111000110
0000100000001000100
0001100111111101110
0000100000001000101
1110101011111000011
1110101011111000110
0000100000001000100
0001100111111101110
0000100000001000101
1110101011111000011
1110101011111000110
0000100000001000100
0001100111111101110
0000100000001000101
1110101011111000011
1110101011111000110
0000100000001000100
0001100111111101110
0000100000001000101
1110101011111000011
1110101011111000110
0000100000001000100
0001100111111101110
0000100000001000101
1110101011111000011
1110101011111000110
0000100000001000100
0001100111111101110
0000100000001000101
1110101011111000011
1110101011111000110
0000100000001000100
0001100111111101110
0000100000001000101
