1111010111110101
1111011100101001
1111100001011101
1111100110010010
1111101011000110
1111101111111011
1111110100101111
1111111001100100
1111111110011001
0000000011001110
0000001000000011
0000001100110111
0000010001101100
0000010110100001
0000011011010101
0000100000001001
0000100100111110
0000101001110001
0000101110100101
0000110011011001
0000111000001100
0000111100111110
0001000001110001
0001000110100011
0001001011010101
0001010000000110
0001010100110111
0001011001100111
0001011110010111
0001100011000110
0001100111110101
0001101100100011
0001110001010000
0001110101111101
0001111010101001
0001111111010101
0010000100000000
0010001000101010
0010001101010011
0010010001111011
0010010110100011
0010011011001010
0010011111101111
0010100100010100
0010101000111000
0010101101011011
0010110001111101
0010110110011111
0010111010111111
0010111111011110
0011000011111011
0011001000011000
0011001100110100
0011010001001110
0011010101100111
0011011010000000
0011011110010110
0011100010101100
0011100111000000
0011101011010011
0011101111100101
0011110011110101
0011111000000100
0011111100010001
0100000000011101
0100000100101000
0100001000110001
0100001100111000
0100010000111110
0100010101000011
0100011001000110
0100011101000111
0100100001000111
0100100101000101
0100101001000001
0100101100111100
0100110000110101
0100110100101100
0100111000100010
0100111100010101
0101000000000111
0101000011110111
0101000111100110
0101001011010010
0101001110111101
0101010010100101
0101010110001100
0101011001110001
0101011101010011
0101100000110100
0101100100010011
0101100111110000
0101101011001010
0101101110100011
0101110001111010
0101110101001110
0101111000100000
0101111011110001
0101111110111111
0110000010001011
0110000101010100
0110001000011100
0110001011100001
0110001110100100
0110010001100101
0110010100100011
0110010111011111
0110011010011001
0110011101010000
0110100000000110
0110100010111000
0110100101101001
0110101000010111
0110101011000010
0110101101101011
0110110000010010
0110110010110110
0110110101011000
0110110111110111
0110111010010100
0110111100101110
0110111111000110
0111000001011011
0111000011101110
0111000101111110
0111001000001100
0111001010010111
0111001100011111
0111001110100100
0111010000101000
0111010010101000
0111010100100110
0111010110100001
0111011000011001
0111011010001111
0111011100000010
0111011101110010
0111011111100000
0111100001001011
0111100010110011
0111100100011000
0111100101111011
0111100111011011
0111101000111000
0111101010010010
0111101011101010
0111101100111111
0111101110010001
0111101111100000
0111110000101100
0111110001110110
0111110010111100
0111110100000000
0111110101000001
0111110101111111
0111110110111011
0111110111110011
0111111000101001
0111111001011011
0111111010001011
0111111010111000
0111111011100010
0111111100001001
0111111100101110
0111111101001111
0111111101101110
0111111110001001
0111111110100010
0111111110111000
0111111111001011
0111111111011011
0111111111101000
0111111111110010
0111111111111001
0111111111111110
0111111111111111
0111111111111110
0111111111111001
0111111111110010
0111111111101000
0111111111011011
0111111111001011
0111111110111000
0111111110100010
0111111110001001
0111111101101110
0111111101001111
0111111100101110
0111111100001001
0111111011100010
0111111010111000
0111111010001011
0111111001011011
0111111000101001
0111110111110011
0111110110111011
0111110101111111
0111110101000001
0111110100000000
0111110010111100
0111110001110110
0111110000101100
0111101111100000
0111101110010001
0111101100111111
0111101011101010
0111101010010010
0111101000111000
0111100111011011
0111100101111011
0111100100011000
0111100010110011
0111100001001011
0111011111100000
0111011101110010
0111011100000010
0111011010001111
0111011000011001
0111010110100001
0111010100100110
0111010010101000
0111010000101000
0111001110100100
0111001100011111
0111001010010111
0111001000001100
0111000101111110
0111000011101110
0111000001011011
0110111111000110
0110111100101110
0110111010010100
0110110111110111
0110110101011000
0110110010110110
0110110000010010
0110101101101011
0110101011000010
0110101000010111
0110100101101001
0110100010111000
0110100000000110
0110011101010000
0110011010011001
0110010111011111
0110010100100011
0110010001100101
0110001110100100
0110001011100001
0110001000011100
0110000101010100
0110000010001011
0101111110111111
0101111011110001
0101111000100000
0101110101001110
0101110001111010
0101101110100011
0101101011001010
0101100111110000
0101100100010011
0101100000110100
0101011101010011
0101011001110001
0101010110001100
0101010010100101
0101001110111101
0101001011010010
0101000111100110
0101000011110111
0101000000000111
0100111100010101
0100111000100010
0100110100101100
0100110000110101
0100101100111100
0100101001000001
0100100101000101
0100100001000111
0100011101000111
0100011001000110
0100010101000011
0100010000111110
0100001100111000
0100001000110001
0100000100101000
0100000000011101
0011111100010001
0011111000000100
0011110011110101
0011101111100101
0011101011010011
0011100111000000
0011100010101100
0011011110010110
0011011010000000
0011010101100111
0011010001001110
0011001100110100
0011001000011000
0011000011111011
0010111111011110
0010111010111111
0010110110011111
0010110001111101
0010101101011011
0010101000111000
0010100100010100
0010011111101111
0010011011001010
0010010110100011
0010010001111011
0010001101010011
0010001000101010
0010000100000000
0001111111010101
0001111010101001
0001110101111101
0001110001010000
0001101100100011
0001100111110101
0001100011000110
0001011110010111
0001011001100111
0001010100110111
0001010000000110
0001001011010101
0001000110100011
0001000001110001
0000111100111110
0000111000001100
0000110011011001
0000101110100101
0000101001110001
0000100100111110
0000100000001001
0000011011010101
0000010110100001
0000010001101100
0000001100110111
0000001000000011
0000000011001110
1111111110011001
1111111001100100
1111110100101111
1111101111111011
1111101011000110
1111100110010010
1111100001011101
1111011100101001
1111010111110101
1111010011000001
1111001110001110
1111001001011011
1111000100101000
1110111111110101
1110111011000011
1110110110010001
1110110001100000
1110101100101111
1110100111111110
1110100011001110
1110011110011111
1110011001110000
1110010101000010
1110010000010100
1110001011100111
1110000110111011
1110000010001111
1101111101100100
1101111000111010
1101110100010000
1101101111100111
1101101011000000
1101100110011001
1101100001110010
1101011101001101
1101011000101001
1101010100000101
1101001111100011
1101001011000010
1101000110100001
1101000010000010
1100111101100100
1100111001000111
1100110100101011
1100110000010000
1100101011110110
1100100111011110
1100100011000110
1100011110110001
1100011010011100
1100010110001000
1100010001110110
1100001101100110
1100001001010110
1100000101001000
1100000000111100
1011111100110001
1011111000100111
1011110100011111
1011110000011001
1011101100010100
1011101000010000
1011100100001110
1011100000001110
1011011100010000
1011011000010011
1011010100010111
1011010000011110
1011001100100110
1011001000110000
1011000100111100
1011000001001001
1010111101011000
1010111001101010
1010110101111101
1010110010010001
1010101110101000
1010101011000001
1010100111011011
1010100011111000
1010100000010111
1010011100110111
1010011001011010
1010010101111110
1010010010100101
1010001111001110
1010001011111000
1010001000100101
1010000101010101
1010000010000110
1001111110111001
1001111011101111
1001111000100111
1001110101100001
1001110010011101
1001101111011011
1001101100011100
1001101001011111
1001100110100101
1001100011101100
1001100000110111
1001011110000011
1001011011010010
1001011000100011
1001010101110111
1001010011001101
1001010000100101
1001001110000000
1001001011011110
1001001000111101
1001000110100000
1001000100000101
1001000001101100
1000111111010110
1000111101000011
1000111010110010
1000111000100011
1000110110010111
1000110100001110
1000110010001000
1000110000000100
1000101110000011
1000101100000100
1000101010001000
1000101000001111
1000100110011000
1000100100100100
1000100010110011
1000100001000100
1000011111011001
1000011101101111
1000011100001001
1000011010100110
1000011001000101
1000010111100111
1000010110001011
1000010100110011
1000010011011101
1000010010001010
1000010000111010
1000001111101101
1000001110100011
1000001101011011
1000001100010110
1000001011010100
1000001010010101
1000001001011001
1000001000011111
1000000111101001
1000000110110101
1000000110000100
1000000101010111
1000000100101100
1000000100000011
1000000011011110
1000000010111100
1000000010011100
1000000010000000
1000000001100110
1000000001001111
1000000000111011
1000000000101010
1000000000011100
1000000000010001
1000000000001001
1000000000000100
1000000000000001
1000000000000010
1000000000000101
1000000000001011
1000000000010101
1000000000100001
1000000000110000
1000000001000010
1000000001010111
1000000001101110
1000000010001001
1000000010100110
1000000011000111
1000000011101010
1000000100010000
1000000100111010
1000000101100110
1000000110010100
1000000111000110
1000000111111011
1000001000110010
1000001001101101
1000001010101010
1000001011101010
1000001100101101
1000001101110010
1000001110111011
1000010000000110
1000010001010101
1000010010100110
1000010011111001
1000010101010000
1000010110101010
1000011000000110
1000011001100101
1000011011000110
1000011100101011
1000011110010010
1000011111111100
1000100001101001
1000100011011000
1000100101001010
1000100110111111
1000101000110111
1000101010110001
1000101100101110
1000101110101101
1000110000110000
1000110010110100
1000110100111100
1000110111000110
1000111001010010
1000111011100010
1000111101110011
1001000000001000
1001000010011111
1001000100111000
1001000111010100
1001001001110011
1001001100010011
1001001110110111
1001010001011101
1001010100000101
1001010110110000
1001011001011101
1001011100001101
1001011110111111
1001100001110011
1001100100101010
1001100111100011
1001101010011110
1001101101011100
1001110000011100
1001110011011110
1001110110100010
1001111001101001
1001111100110010
1001111111111101
1010000011001010
1010000110011010
1010001001101100
1010001100111111
1010010000010101
1010010011101101
1010010111000111
1010011010100011
1010011110000001
1010100001100001
1010100101000100
1010101000101000
1010101100001110
1010101111110110
1010110011100000
1010110111001011
1010111010111001
1010111110101000
1011000010011010
1011000110001101
1011001010000010
1011001101111000
1011010001110001
1011010101101011
1011011001100111
1011011101100100
1011100001100011
1011100101100100
1011101001100111
1011101101101011
1011110001110000
1011110101110111
1011111010000000
1011111110001010
1100000010010101
1100000110100010
1100001010110001
1100001111000000
1100010011010010
1100010111100100
1100011011111000
1100100000001101
1100100100100011
1100101000111011
1100101101010100
1100110001101110
1100110110001001
1100111010100110
1100111111000011
1101000011100010
1101001000000001
1101001100100010
1101010001000100
1101010101100111
1101011010001010
1101011110101111
1101100011010100
1101100111111011
1101101100100010
1101110001001010
1101110101110011
1101111010011101
1101111111001000
1110000011110011
1110001000011111
1110001101001011
1110010001111001
1110010110100110
1110011011010101
1110100000000100
1110100100110100
1110101001100100
1110101110010100
1110110011000110
1110110111110111
1110111100101001
1111000001011011
1111000110001110
1111001011000001
1111001111110100
1111010100101000
