00000000000000000
00111100110111011
11101000110000000
10110100110001001
11101000110000000
00111100110111100
00111100110111011
11101000110000000
10110100110001001
11101000110000000
00111100110111100
00111100110111011
11101000110000000
10110100110001001
11101000110000000
00111100110111100
00111100110111011
11101000110000000
10110100110001001
11101000110000000
00111100110111100
00111100110111011
11101000110000000
10110100110001001
11101000110000000
00111100110111100
00111100110111011
11101000110000000
10110100110001001
11101000110000000
00111100110111100
00111100110111011
11101000110000000
10110100110001001
11101000110000000
00111100110111100
00111100110111011
11101000110000000
10110100110001001
11101000110000000
00111100110111100
00111100110111011
11101000110000000
10110100110001001
11101000110000000
00111100110111100
00111100110111011
11101000110000000
10110100110001001
11101000110000000
00111100110111100
