0010010010111011
0011101000001111
0011011001001010
0001101010010010
1111001010011100
1100111110111101
1100000101101001
1100111001001111
1111000101001100
0001101101101010
0011101001001000
0100000000011101
0010100111100000
0000000011010111
1101011010101110
1011110111101010
1100000110111010
1110000011110111
0000111001100000
0011011001000010
0100011100000001
0011100011011101
0001000110000011
1110000111010010
1011111010010110
1011011101111011
1101000000010100
1111111000011010
0010110110110011
0100100111111011
0100011001000001
0010001110100110
1111000011100001
1100001111110111
1011000010110101
1011111111110010
1110101101111110
0010000010101001
0100100001001000
0101000011000111
0011010111111010
0000001100100011
1100111000111001
1010111001100100
1011000111100100
1101011110101101
0000111110100001
0100000101111010
0101011101001001
0100011100100011
0001011110100000
1101110100100100
1011000100110110
1010011100111110
1100010000000100
1111101101101000
0011010101111101
0101100011010011
0101010110110000
0010110100000000
1111000000100100
1011100110001000
1010000100100101
1011001000000100
1110010100110011
0010010010101100
0101010011001001
0110000001001110
0100000111001100
0000011000110000
1100011101000001
1010000001111110
1010001100100000
1100111001101100
0000111111010011
0100101011110001
0110010111011011
0101010001111011
0001111000000000
1101100111100000
1010010111001111
1001100010110100
1011100010100100
1111100000001101
0011101101111111
0110010110000110
0110001110000100
0011010111111111
1111000001111111
1011000100110100
1001001111010100
1010010101111111
1101111011011010
0010011100100011
0101111011100001
0110110110011000
0100110010000110
0000100111001001
1100001001001000
1001010100111001
1001011001111100
1100010111010101
0000111011101110
0101000111111100
0111000110110000
0101111111110100
0010010000110101
1101100001000110
1001110100110010
1000110011100111
1010111011000011
1111010001001000
0011111101010011
0110111100101010
0110111010111110
0011110111111011
1111000111101000
1010101110010001
1000100110110010
1001101101001001
1101100011101010
0010011111100110
0110010111011110
0111011110110001
0101010101100011
0000110110100110
1011111110100101
1000110101011110
1000110011100000
1011111010010100
0000110100001100
0101011000100001
0111100111110000
0110100010110110
0010100111000011
1101100001011111
1001011111110100
1000010010110001
1010011100011110
1111000001101001
0100000010111011
0111010100010111
0111011010010000
0100010001011010
1111010000110101
1010100011111011
1000001101111000
1001010000100101
1101001111011100
0010011011110110
0110100101001000
0111110111011111
0101101110101011
0001000101110000
1011111101111010
1000100101110111
1000011011111111
1011100100111010
0000101001011101
0101011100100000
0111111000000111
0110111000011000
0010111000110011
1101101000011100
1001011001101010
1000000010100110
1010001001010000
1110110011001100
0011111110110000
0111011011101000
0111101001100010
0100100010010011
1111011100101001
1010100110010001
1000000110010101
1001000010011100
1101000000100100
0010010001111011
0110100011101101
0111111110110010
0101111011100100
0001010011010000
1100000110110010
1000100111000011
1000010101001110
1011011000111011
0000011100110011
0101010011111011
0111110110101111
0110111110101100
0011000100011011
1101110101000101
1001100010100110
1000000100010100
1010000011000010
1110100111001011
0011110001011011
0111010010000101
0111100111101000
0100101001000100
1111101001110001
1010110100110111
1000010000100111
1001000100000101
1100111000011110
0010000010111010
0110010011100100
0111110100000100
0101111010111110
0001011101100010
1100011000001111
1000111000110000
1000011111110011
1011010111100101
0000001111100000
0100111111100110
0111100011110010
0110110101000111
0011001000110000
1110000110000101
1001111001101010
1000010111110110
1010001010100010
1110011110111001
0011011100010000
0110111000100011
0111010100100011
0100100100111001
1111110110111010
1011001110010101
1000101011111001
1001010101100000
1100111000000010
0001110000010010
0101110110000100
0111011000000101
0101101100101011
0001100011100100
1100110000101011
1001011001100110
1000111011000110
1011100001010010
0000000010111000
0100100001011100
0111000000101010
0110011100001010
0011000101000101
1110011001111010
1010011101000000
1000111011110011
1010011111011100
1110011011010011
0011000001000100
0110010001000000
0110110001100010
0100010101110010
0000000010101111
1011110000100110
1001010110001101
1001110101100111
1100111111101111
0001011011101100
0101001101100010
0110101100110101
0101010001011101
0001100100100111
1101001110001000
1010000111001000
1001100101001101
1011110101100110
1111111000001001
0011111011110000
0110001111111010
0101110101011100
0010111001011010
1110101110110101
1011001001111110
1001101101100101
1011000000011101
1110011100111001
0010100010000010
0101011110011000
0110000001000011
0011111100101001
0000001100001011
1100011001000001
1010001100011101
1010100010010000
1101001111001101
0001000110110001
0100011100111111
0101110101011000
0100101011001010
0001100000010110
1101101110001101
1010111101111101
1010011011001101
1100010011001111
1111110000001110
0011010001010101
0101010101000110
0101000011101001
0010100110011011
1111000011001110
1011111101001111
1010101001101110
1011101011010100
1110100011101110
0010000001100000
0100100100010011
0101000110100000
0011011011000110
0000010010011011
1101000100101011
1011001010110011
1011011000010010
1101100101010111
0000110011001100
0011100111111001
0100110101101001
0011111100011101
0001010111000110
1110001110101001
1011111010010000
1011011001010000
1100111000000101
1111101011101110
0010100101001101
0100010100010111
0100001010010110
0010001101100000
1111010101101011
1100110011001101
1011101011111010
1100011100111110
1110101111001101
0001100001101100
0011100110111000
0100000110000100
0010110011101001
0000010101001111
1101110000100010
1100001100110100
1100010011110100
1110000000100011
0000100010001001
0010110001111010
0011110010001100
0011001000110001
0001001001101001
1110101101010100
1100110111110001
1100011010111001
1101100001010111
1111101010101100
0001111010010101
0011010010001110
0011001101101101
0001110000101010
1111100101001000
1101101000001110
1100101111011100
1101010001101110
1110111110001110
0001000100100110
0010101010010101
0011000100011000
0010001001010110
0000010100100110
1110011001110000
1101001101111001
1101010000011111
1110011110011111
0000010100011110
0001111110101100
0010101111110000
0010010011111111
0000111001010110
1111001000011011
1101110010010110
1101011011011011
1110001011110110
1111101100110100
0001010011011000
0010010011010010
0010010010001010
0001010010010011
1111110000111100
1110011000110110
1101101111100110
1110000101100000
1111001111010100
0000101011110011
0001110010101011
0010000110001100
0001011111100100
0000010001001011
1110111101111011
1110001001101001
1110001001110010
1110111100100100
0000001010100011
0001010001011010
0001110011000001
0001100010001101
0000100111111101
1111011110101000
1110100110001011
1110010110001011
1110110100000001
1111110001010001
0000110010100011
0001011011110001
0001011100001101
0000110101001110
1111111001000000
1111000010001001
1110100111111000
1110110100010010
1111100000100001
0000011000010111
0001000011011110
0001001111111110
0000111001110101
0000001100000000
1111011011000011
1110111100000010
1110111011010111
1111010111111101
0000000100010010
0000101100101100
0001000000001011
0000110111011001
0000010111011111
1111101111001011
1111010000000010
1111000110110111
1111010110011100
1111110110110110
0000011001011001
0000101111010100
0000101111111100
0000011100001101
1111111101101000
1111100001110100
1111010100011010
1111011010010000
1111101111101101
0000001010101111
0000011111100011
0000100101101100
0000011011100000
0000000110011000
1111101111111110
1111100001110110
1111100001011011
1111101101111010
0000000001000110
0000010010011011
0000011010101100
0000010111000111
0000001010000110
1111111001111000
1111101101100011
1111101001111110
1111101111111100
1111111100000110
0000001000110100
0000010000101011
0000010000110110
0000001001111101
1111111111100110
1111110110011101
1111110010001110
1111110100001001
1111111010110011
0000000010110111
0000001000110010
0000001010011000
0000000111011111
0000000001110111
1111111100001101
1111111000111000
1111111000111100
1111111011111001
0000000000000100
0000000011100100
0000000101000010
0000000100001101
0000000001110011
1111111111000111
1111111101010100
1111111100111110
1111111101111010
1111111111011111
0000000000111000
0000000001100100
0000000001011011
0000000000110000
0000000000000000
1111111111100000
1111111111011001
1111111111100101
1111111111110110
0000000000000011
0000000000000110
0000000000000011
0000000000000001
0000000000000000
1111111111111111
1111111111111110
1111111111111011
1111111111111001
1111111111111111
0000000000001110
0000000000100000
0000000000100111
0000000000011000
1111111111110001
1111111111000000
1111111110011101
1111111110100011
1111111111011110
0000000001000001
0000000010011111
0000000011000101
0000000010010001
0000000000000110
1111111101010110
1111111011010011
1111111011001000
1111111101010100
0000000001001110
0000000101010000
0000000111011100
0000000110011100
0000000010001101
1111111100010000
1111110111001101
1111110101100100
1111111000100111
1111111111100010
0000000111100100
0000001101000100
0000001101001001
0000000111001000
1111111101000110
1111110011010100
1111101110010101
1111110000111110
1111111010110011
0000000111111111
0000010010110010
0000010110000000
0000001111011100
0000000001001110
1111110001001100
1111100110100010
1111100110100101
1111110010001100
0000000101000001
0000010111000010
0000100000000000
0000011011001000
0000001001100110
1111110010011101
1111011111110010
1111011010010111
1111100101100100
1111111101011100
0000011000000011
0000101001100100
0000101001011110
0000010110101101
1111111000100100
1111011011111100
1111001101110010
1111010101010111
1111110000100000
0000010100001000
0000110000101111
0000111001000101
0000101000010011
0000000100100101
1111011100111011
1111000010111010
1111000010111000
1111011110001001
0000001001111010
0000110011011000
0001000111111010
0000111101010101
0000010110111001
1111100100011101
1110111100000000
1110110000000001
1111000111000111
1111111000100110
0000101111100000
0001010011100111
0001010100000011
0000101111000111
1111110011101101
1110111011010101
1110011111001110
1110101101000000
1111100000001011
0000100011011101
0001011001100110
0001101001111111
0001001011111101
0000001011000111
1111000010111111
1110010011010010
1110010010000111
1111000001100110
0000001110011001
0001010111011101
0001111100010010
0001101011010011
0000101010001101
1111010100010011
1110001110111100
1101111001010111
1110011110101010
1111110000001110
0001001011010011
0010000111111000
0010001010001110
0001001111100011
1111101111111101
1110010100100101
1101100110000010
1101111010001000
1111001001111101
0000110011111001
0010001001111001
0010100101011011
0001111000101010
0000010101011010
1110100110000010
1101011011011001
1101010111011001
1110011101101011
0000010001001001
0010000000000001
0010111001010000
0010100010010001
0001000011001001
1111000100000101
1101011100010100
1100111010001100
1101101110011000
1111100011111101
0001101000101100
0011000010010111
0011001000100000
0001110110100000
1111101110011101
1101101011000100
1100100110010111
1100111111111100
1110101110100101
0001000011011100
0010111101110011
0011100111001111
0010101011110011
